Punkty tk: 
0.0 0.02 0.04 0.06 0.08 0.1 0.12 0.14 0.16 0.18 0.2 0.22 0.24 0.26 0.28 0.3 0.32 0.34 0.36 0.38 0.4 0.42 0.44 0.46 0.48 0.5 0.52 0.54 0.56 0.58 0.6 0.62 0.64 0.66 0.68 0.7 0.72 0.74 0.76 0.78 0.8 0.82 0.84 0.86 0.88 0.9 0.92 0.94 0.96 0.98 
 pary [x, y]: 
[338, 603][342, 558][339, 512][334, 559][343, 607][400, 517][425, 509][436, 558][421, 625][442, 602]
[472, 576][473, 535][502, 514][520, 549][514, 574]
[542, 578][549, 536][564, 569][573, 552][588, 565][608, 540]
[627, 564][645, 553][664, 560][658, 579][641, 553][647, 533][676, 539][689, 571][695, 527][716, 578]
[736, 611][743, 617][734, 578][743, 541][767, 556][775, 581][770, 556][786, 534][810, 561][813, 590][810, 555][819, 542]
[826, 616][827, 617]
[974, 591][965, 601][950, 592][1001, 554][952, 547]
[1028, 588][1023, 595][1022, 573][1044, 565][1049, 583][1039, 591][1072, 561][1056, 522][1089, 518]
[1214, 602][1248, 557][1222, 554][1272, 585][1273, 595][1278, 571][1301, 564][1303, 602]
[1335, 599][1343, 523][1320, 483][1336, 594][1365, 604][1343, 557]
[1385, 592][1412, 577][1422, 604][1395, 593][1402, 555][1459, 612][1461, 562][1501, 614]
[1604, 613][1607, 614]
[1608, 577][1612, 578]
[1632, 599][1651, 600]
[1660, 637][1674, 600][1662, 566]
